start_lat: 36.356553
start_lng: -112.306541

start_alt: 15000
start_speed: 87.17031738936095 # = 195 mph
start_heading: 0

target_lat: 36.323259
target_lng: -112.468452
target_lock: false


